8.186545848846436
0.47829389572143555
0.44435882568359375
0.0008668899536132812
0.0009682178497314453
0.0009019374847412109
0.00084686279296875
0.0009458065032958984
0.0009250640869140625
0.001049041748046875
0.0014908313751220703
0.0016350746154785156
0.0023796558380126953
0.0014667510986328125
0.001107931137084961
0.0010418891906738281
0.0010921955108642578
0.0032613277435302734
0.0018701553344726562
0.0011870861053466797
0.0010838508605957031
0.0013568401336669922
0.0013251304626464844
0.0015537738800048828
0.0011682510375976562
0.0011210441589355469
0.0009279251098632812
0.0009071826934814453
0.0009279251098632812
0.0017008781433105469
0.001692056655883789
0.0012447834014892578
0.0009829998016357422
0.0011398792266845703
0.00109100341796875
0.0021371841430664062
0.0036919116973876953
0.0014331340789794922
0.0010759830474853516
0.0009570121765136719
0.0010230541229248047
0.0009520053863525391
0.002035856246948242
0.0014770030975341797
0.0011782646179199219
0.0010929107666015625
0.0009479522705078125
0.003609895706176758
0.003274202346801758
0.0015349388122558594
0.0012950897216796875
0.0009601116180419922
0.0009899139404296875
0.0025238990783691406
0.0019330978393554688
0.0012509822845458984
0.0009837150573730469
0.0009458065032958984
0.002293825149536133
0.0013709068298339844
0.0013539791107177734
0.0010409355163574219
0.0009641647338867188
0.0012788772583007812
0.0025599002838134766
0.0029680728912353516
0.0016770362854003906
0.001413106918334961
0.0011126995086669922
0.0010786056518554688
0.002040863037109375
0.0014331340789794922
0.0013110637664794922
0.0012269020080566406
0.0010268688201904297
0.0010018348693847656
0.0010328292846679688
